NAME : single
TYPE : ATSP
DIMENSION : 25
EDGE_WEIGHT_TYPE : EXPLICIT
EDGE_WEIGHT_FORMAT : FULL_MATRIX
EDGE_WEIGHT_SECTION
0 1657 1719 1639 1438 1515 1719 1354 508 742 777 1100 1291 1649 898 1036 681 610 755 1009 769 703 1012 733 540 
0 0 244 338 398 168 224 703 1156 958 1021 1480 1025 975 1521 1497 1594 1860 1469 1373 1456 1730 2135 1661 1719 
0 244 0 138 306 292 222 579 1195 982 1018 1425 904 816 1480 1436 1586 1861 1444 1306 1428 1729 2142 1647 1752 
0 338 138 0 202 332 327 444 1107 891 914 1242 768 704 1358 1484 1475 1770 1329 1180 1313 1620 2034 1534 1656 
0 398 306 202 0 312 420 313 906 690 716 1124 635 620 1176 1138 1282 1570 1137 1005 1122 1426 1840 1341 1458 
0 168 292 332 312 0 203 614 1015 817 884 1338 925 922 1390 1372 1456 1709 1332 1246 1319 1591 1995 1522 1578 
0 224 222 327 420 203 0 724 1215 1013 1072 1497 1049 974 1566 1538 1645 2006 1517 1412 1503 1783 2190 1711 1777 
0 703 579 444 313 614 724 0 806 601 573 764 326 376 936 979 1083 1431 930 750 913 1231 1643 1138 1306 
0 1156 1195 1107 906 1015 1215 806 0 216 246 607 750 1100 552 630 493 667 443 564 442 603 990 566 565 
0 958 982 891 690 817 1013 601 216 0 123 584 599 919 629 664 644 880 545 563 536 775 1179 715 771 
0 1021 1018 914 716 884 1072 573 246 123 0 468 512 856 527 552 575 866 453 442 442 714 1127 639 748 
0 1480 1425 1242 1124 1338 1497 764 607 584 468 0 422 782 279 172 501 935 382 163 367 634 1009 546 800 
0 1025 904 768 635 925 1049 326 750 599 512 422 0 381 727 593 873 1276 719 530 700 1019 1543 1149 1144 
0 975 816 704 620 922 974 376 1100 919 856 782 381 0 1054 950 1253 1656 1096 1019 1077 1398 1789 1450 1524 
0 1521 1480 1358 1176 1390 1566 936 552 629 527 279 727 1054 0 142 239 683 183 233 180 360 735 275 553 
0 1497 1436 1484 1138 1372 1538 979 630 664 552 172 593 950 142 0 379 820 303 193 293 495 847 414 688 
0 1594 1586 1475 1282 1456 1645 1083 493 644 575 501 873 1253 239 379 0 446 197 435 214 148 563 119 317 
0 1860 1861 1770 1570 1709 2006 1431 667 880 866 935 1276 1656 683 820 446 0 609 872 628 350 431 463 144 
0 1469 1444 1329 1137 1332 1517 930 443 545 453 382 719 1096 183 303 197 609 0 273 136 333 738 210 483 
0 1373 1306 1180 1005 1246 1412 750 564 563 442 163 530 1019 233 193 435 872 273 0 255 571 956 454 741 
0 1456 1428 1313 1122 1319 1503 913 442 536 442 367 700 1077 180 293 214 628 136 255 0 351 756 228 502 
0 1730 1729 1620 1426 1591 1783 1231 603 775 714 634 1019 1398 360 495 148 350 333 571 351 0 416 151 242 
0 2135 2142 2034 1840 1995 2190 1643 990 1179 1127 1009 1543 1789 735 847 563 431 738 956 756 416 0 531 454 
0 1661 1647 1534 1341 1522 1711 1138 566 715 639 546 1149 1450 275 414 119 463 210 454 228 151 531 0 352 
0 1719 1752 1656 1458 1578 1777 1306 565 771 748 800 1144 1524 553 688 317 144 483 741 502 242 454 352 0 
EOF